trarm patid age weight  CD4   logRNA 
 1    21360  40  130.5 350.0   2.300
 1    82892  39  134.0 285.0   3.610
 1   150742  34   87.7 116.5   4.790
 1   212952  37  168.0 253.0   3.370
 1   213004  47  230.0 197.5   4.395
 1   213038  39  187.0 307.5   4.245
 1   220747  37   76.2 357.5   4.290
 1   220836  48   92.0 264.5   3.810
 1   220843  30   89.0 478.0   3.570
 1   241047  25  143.8 157.5   3.990
 1   242395  37  130.3 229.0   3.905
 1   243558  37  164.8 148.0   4.865
 1   262746  41  161.5 256.5   4.105
 1   262901  24  156.2 297.0   2.980
 1   263198  44  151.0 428.5   3.295
 1   320980  37   74.0 399.0   3.180
 1   610640  42   70.6 154.5   3.200
 1   610720  45   70.1 606.0   3.355
 1   781001  40  166.5 189.5   4.435
 1   781005  61  167.4 222.5   4.235
 1   781006  44  176.0 279.0   4.125
 1   105501  37  204.0 119.0   3.045
 2    43387  42  150.0 139.0   4.835
 2   121622  36  137.0 535.5   3.865
 2   121633  38  196.0 216.5   4.475
 2   150741  33   83.7 320.0   3.740
 2   150743  37   67.2 163.0   3.830
 2   213084  29  159.0 376.5   2.460
 2   220835  42   81.0 158.0   3.015
 2   220838  34   72.0 127.5   5.030
 2   241854  36  155.0 255.0   3.790
 2   243440  29  202.3 352.0   4.515
 2   263125  25  146.0 179.5   4.070
 2   263157  23  143.0 744.5   3.410
 2   321428  38   85.6 272.5   3.920
 2   321435  47   90.2 108.0   4.125
 2   321500  61   57.4 545.0   2.910
 2   781003  33  152.0 797.5   3.015
 2   781004  31  127.4 281.5   3.555
 2   781008  38  123.4 563.0   3.625
 2   781024  33  216.0 274.5   3.190
 2   781028  34  176.0 129.5   4.450
